41: 41: 1[2 3 4 5 6 7 8 9] 2[1 9 8 10 3] 3[1 2 10 8 4] 4[1 3 8 11 6 12 5] 5[1 4 12 6] 6[1 5 12 4 11 8 7] 7[1 6 8] 8[1 7 6 11 4 3 10 2 9] 9[1 8 2] 10[2 8 3] 11[4 8 6] 12[4 6 5]
46: 46: 1[2 3 4 5 6 7 8 9] 2[1 9 10 7 11 3] 3[1 2 11 7 5 12 4] 4[1 3 12 5] 5[1 4 12 3 7 6] 6[1 5 7] 7[1 6 5 3 11 2 10 9 8] 8[1 7 9] 9[1 8 7 10 2] 10[2 9 7] 11[2 7 3] 12[3 5 4]
47: 47: 1[2 3 4 5 6 7 8 9] 2[1 9 10 7 11 3] 3[1 2 11 7 12 5 4] 4[1 3 5] 5[1 4 3 12 7 6] 6[1 5 7] 7[1 6 5 12 3 11 2 10 9 8] 8[1 7 9] 9[1 8 7 10 2] 10[2 9 7] 11[2 7 3] 12[3 7 5]
61: 61: 1[2 3 4 5 6 7 8 9 10] 2[1 10 9 11 12 5 4 3] 3[1 2 4] 4[1 3 2 5] 5[1 4 2 12 9 8 7 6] 6[1 5 7] 7[1 6 5 8] 8[1 7 5 9] 9[1 8 5 12 11 2 10] 10[1 9 2] 11[2 9 12] 12[2 11 9 5]
86: 86: 1[2 3 4 5 6 7 8 9] 2[1 9 10 5 4 11 3] 3[1 2 11 4] 4[1 3 11 2 5] 5[1 4 2 10 9 12 8 7 6] 6[1 5 7] 7[1 6 5 8] 8[1 7 5 12 9] 9[1 8 12 5 10 2] 10[2 9 5] 11[2 4 3] 12[5 9 8]
89: 89: 1[2 3 4 5 6 7 8 9] 2[1 9 10 6 3] 3[1 2 6 11 5 12 4] 4[1 3 12 5] 5[1 4 12 3 11 6] 6[1 5 11 3 2 10 9 8 7] 7[1 6 8] 8[1 7 6 9] 9[1 8 6 10 2] 10[2 9 6] 11[3 6 5] 12[3 5 4]
92: 92: 1[2 3 4 5 6 7 8 9] 2[1 9 10 5 11 4 3] 3[1 2 4] 4[1 3 2 11 5] 5[1 4 11 2 10 9 12 8 7 6] 6[1 5 7] 7[1 6 5 8] 8[1 7 5 12 9] 9[1 8 12 5 10 2] 10[2 9 5] 11[2 5 4] 12[5 9 8]
106: 106: 1[2 3 4 5 6 7 8 9 10] 2[1 10 9 5 4 3] 3[1 2 4] 4[1 3 2 5] 5[1 4 2 9 11 8 7 6] 6[1 5 7] 7[1 6 5 8] 8[1 7 5 11 12 9] 9[1 8 12 11 5 2 10] 10[1 9 2] 11[5 9 12 8] 12[8 11 9]
108: 108: 1[2 3 4 5 6 7 8 9 10 11] 2[1 11 10 5 4 3] 3[1 2 4] 4[1 3 2 5] 5[1 4 2 10 12 8 7 6] 6[1 5 7] 7[1 6 5 8] 8[1 7 5 12 10 9] 9[1 8 10] 10[1 9 8 12 5 2 11] 11[1 10 2] 12[5 10 8]
126: 126: 1[2 3 4 5 6 7 8 9 10] 2[1 10 5 4 3] 3[1 2 4] 4[1 3 2 5] 5[1 4 2 10 11 8 7 6] 6[1 5 7] 7[1 6 5 8] 8[1 7 5 11 12 10 9] 9[1 8 10] 10[1 9 8 12 11 5 2] 11[5 10 12 8] 12[8 11 10]
133: 133: 1[2 3 4 5 6 7 8 9 10 11] 2[1 11 12 7 4 3] 3[1 2 4] 4[1 3 2 7 6 5] 5[1 4 6] 6[1 5 4 7] 7[1 6 4 2 12 11 9 8] 8[1 7 9] 9[1 8 7 11 10] 10[1 9 11] 11[1 10 9 7 12 2] 12[2 11 7]
135: 135: 1[2 3 4 5 6 7 8 9 10] 2[1 10 5 4 3] 3[1 2 4] 4[1 3 2 5] 5[1 4 2 10 11 9 7 6] 6[1 5 7] 7[1 6 5 9 8] 8[1 7 9] 9[1 8 7 5 11 12 10] 10[1 9 12 11 5 2] 11[5 10 12 9] 12[9 11 10]
136: 136: 1[2 3 4 5 6 7 8 9 10 11] 2[1 11 5 4 3] 3[1 2 4] 4[1 3 2 5] 5[1 4 2 11 12 9 7 6] 6[1 5 7] 7[1 6 5 9 8] 8[1 7 9] 9[1 8 7 5 12 11 10] 10[1 9 11] 11[1 10 9 12 5 2] 12[5 11 9]
150: 150: 1[2 3 4 5 6 7 8 9] 2[1 9 10 7 3] 3[1 2 7 4] 4[1 3 7 11 6 12 5] 5[1 4 12 6] 6[1 5 12 4 11 7] 7[1 6 11 4 3 2 10 9 8] 8[1 7 9] 9[1 8 7 10 2] 10[2 9 7] 11[4 7 6] 12[4 6 5]
151: 151: 1[2 3 4 5 6 7 8 9] 2[1 9 5 10 4 3] 3[1 2 4] 4[1 3 2 10 5] 5[1 4 10 2 9 11 8 12 7 6] 6[1 5 7] 7[1 6 5 12 8] 8[1 7 12 5 11 9] 9[1 8 11 5 2] 10[2 5 4] 11[5 9 8] 12[5 8 7]
172: 172: 1[2 3 4 5 6 7 8 9 10 11] 2[1 11 10 5 4 3] 3[1 2 4] 4[1 3 2 5] 5[1 4 2 10 8 12 7 6] 6[1 5 7] 7[1 6 5 12 8] 8[1 7 12 5 10 9] 9[1 8 10] 10[1 9 8 5 2 11] 11[1 10 2] 12[5 8 7]
174: 174: 1[2 3 4 5 6 7 8 9 10] 2[1 10 7 4 3] 3[1 2 4] 4[1 3 2 7 6 5] 5[1 4 6] 6[1 5 4 7] 7[1 6 4 2 10 11 9 8] 8[1 7 9] 9[1 8 7 11 12 10] 10[1 9 12 11 7 2] 11[7 10 12 9] 12[9 11 10]
175: 175: 1[2 3 4 5 6 7 8 9 10 11] 2[1 11 7 4 3] 3[1 2 4] 4[1 3 2 7 6 5] 5[1 4 6] 6[1 5 4 7] 7[1 6 4 2 11 12 9 8] 8[1 7 9] 9[1 8 7 12 11 10] 10[1 9 11] 11[1 10 9 12 7 2] 12[7 11 9]
176: 176: 1[2 3 4 5 6 7 8 9] 2[1 9 5 4 10 3] 3[1 2 10 4] 4[1 3 10 2 5] 5[1 4 2 9 11 8 12 7 6] 6[1 5 7] 7[1 6 5 12 8] 8[1 7 12 5 11 9] 9[1 8 11 5 2] 10[2 4 3] 11[5 9 8] 12[5 8 7]
178: 178: 1[2 3 4 5 6 7 8 9] 2[1 9 10 5 4 3] 3[1 2 4] 4[1 3 2 5] 5[1 4 2 10 9 11 8 12 7 6] 6[1 5 7] 7[1 6 5 12 8] 8[1 7 12 5 11 9] 9[1 8 11 5 10 2] 10[2 9 5] 11[5 9 8] 12[5 8 7]
194: 194: 1[2 3 4 5 6 7 8 9] 2[1 9 8 10 3] 3[1 2 10 8 4] 4[1 3 8 11 5] 5[1 4 11 8 7 12 6] 6[1 5 12 7] 7[1 6 12 5 8] 8[1 7 5 11 4 3 10 2 9] 9[1 8 2] 10[2 8 3] 11[4 8 5] 12[5 7 6]
195: 195: 1[2 3 4 5 6 7 8 9] 2[1 9 8 10 3] 3[1 2 10 8 4] 4[1 3 8 11 5] 5[1 4 11 8 12 7 6] 6[1 5 7] 7[1 6 5 12 8] 8[1 7 12 5 11 4 3 10 2 9] 9[1 8 2] 10[2 8 3] 11[4 8 5] 12[5 8 7]
205: 205: 1[2 3 4 5 6 7 8 9 10] 2[1 10 5 4 3] 3[1 2 4] 4[1 3 2 5] 5[1 4 2 10 8 11 7 6] 6[1 5 7] 7[1 6 5 11 12 8] 8[1 7 12 11 5 10 9] 9[1 8 10] 10[1 9 8 5 2] 11[5 8 12 7] 12[7 11 8]
207: 207: 1[2 3 4 5 6 7 8 9 10 11] 2[1 11 5 4 3] 3[1 2 4] 4[1 3 2 5] 5[1 4 2 11 9 12 7 6] 6[1 5 7] 7[1 6 5 12 9 8] 8[1 7 9] 9[1 8 7 12 5 11 10] 10[1 9 11] 11[1 10 9 5 2] 12[5 9 7]
208: 208: 1[2 3 4 5 6 7 8 9 10] 2[1 10 6 3] 3[1 2 6 5 4] 4[1 3 5] 5[1 4 3 6] 6[1 5 3 2 10 11 8 7] 7[1 6 8] 8[1 7 6 11 12 10 9] 9[1 8 10] 10[1 9 8 12 11 6 2] 11[6 10 12 8] 12[8 11 10]
256: 256: 1[2 3 4 5 6 7 8 9] 2[1 9 10 8 11 3] 3[1 2 11 8 4] 4[1 3 8 5] 5[1 4 8 7 12 6] 6[1 5 12 7] 7[1 6 12 5 8] 8[1 7 5 4 3 11 2 10 9] 9[1 8 10 2] 10[2 9 8] 11[2 8 3] 12[5 7 6]
260: 260: 1[2 3 4 5 6 7 8 9] 2[1 9 10 8 3] 3[1 2 8 11 4] 4[1 3 11 8 5] 5[1 4 8 12 7 6] 6[1 5 7] 7[1 6 5 12 8] 8[1 7 12 5 4 11 3 2 10 9] 9[1 8 10 2] 10[2 9 8] 11[3 8 4] 12[5 8 7]
261: 261: 1[2 3 4 5 6 7 8 9] 2[1 9 10 8 3] 3[1 2 8 11 4] 4[1 3 11 8 5] 5[1 4 8 7 12 6] 6[1 5 12 7] 7[1 6 12 5 8] 8[1 7 5 4 11 3 2 10 9] 9[1 8 10 2] 10[2 9 8] 11[3 8 4] 12[5 7 6]
264: 264: 1[2 3 4 5 6 7 8 9] 2[1 9 5 4 3] 3[1 2 4] 4[1 3 2 5] 5[1 4 2 9 10 8 11 7 12 6] 6[1 5 12 7] 7[1 6 12 5 11 8] 8[1 7 11 5 10 9] 9[1 8 10 5 2] 10[5 9 8] 11[5 8 7] 12[5 7 6]
266: 266: 1[2 3 4 5 6 7 8 9] 2[1 9 10 5 4 3] 3[1 2 4] 4[1 3 2 5] 5[1 4 2 10 9 11 8 7 12 6] 6[1 5 12 7] 7[1 6 12 5 8] 8[1 7 5 11 9] 9[1 8 11 5 10 2] 10[2 9 5] 11[5 9 8] 12[5 7 6]
273: 273: 1[2 3 4 5 6 7 8 9] 2[1 9 10 8 3] 3[1 2 8 4] 4[1 3 8 11 5] 5[1 4 11 8 7 12 6] 6[1 5 12 7] 7[1 6 12 5 8] 8[1 7 5 11 4 3 2 10 9] 9[1 8 10 2] 10[2 9 8] 11[4 8 5] 12[5 7 6]
274: 274: 1[2 3 4 5 6 7 8 9] 2[1 9 10 8 3] 3[1 2 8 4] 4[1 3 8 11 5] 5[1 4 11 8 12 7 6] 6[1 5 7] 7[1 6 5 12 8] 8[1 7 12 5 11 4 3 2 10 9] 9[1 8 10 2] 10[2 9 8] 11[4 8 5] 12[5 8 7]
277: 277: 1[2 3 4 5 6 7 8 9] 2[1 9 10 5 4 3] 3[1 2 4] 4[1 3 2 5] 5[1 4 2 10 9 8 11 7 12 6] 6[1 5 12 7] 7[1 6 12 5 11 8] 8[1 7 11 5 9] 9[1 8 5 10 2] 10[2 9 5] 11[5 8 7] 12[5 7 6]
283: 283: 1[2 3 4 5 6 7 8 9] 2[1 9 10 8 3] 3[1 2 8 4] 4[1 3 8 5] 5[1 4 8 11 7 12 6] 6[1 5 12 7] 7[1 6 12 5 11 8] 8[1 7 11 5 4 3 2 10 9] 9[1 8 10 2] 10[2 9 8] 11[5 8 7] 12[5 7 6]
284: 284: 1[2 3 4 5 6 7 8 9] 2[1 9 5 10 4 3] 3[1 2 4] 4[1 3 2 10 5] 5[1 4 10 2 9 8 11 7 12 6] 6[1 5 12 7] 7[1 6 12 5 11 8] 8[1 7 11 5 9] 9[1 8 5 2] 10[2 5 4] 11[5 8 7] 12[5 7 6]
309: 309: 1[2 3 4 5 6 7 8 9 10 11] 2[1 11 5 4 3] 3[1 2 4] 4[1 3 2 5] 5[1 4 2 11 9 12 8 6] 6[1 5 8 7] 7[1 6 8] 8[1 7 6 5 12 9] 9[1 8 12 5 11 10] 10[1 9 11] 11[1 10 9 5 2] 12[5 9 8]
313: 313: 1[2 3 4 5 6 7 8 9 10 11] 2[1 11 12 8 3] 3[1 2 8 5 4] 4[1 3 5] 5[1 4 3 8 7 6] 6[1 5 7] 7[1 6 5 8] 8[1 7 5 3 2 12 11 9] 9[1 8 11 10] 10[1 9 11] 11[1 10 9 8 12 2] 12[2 11 8]
317: 317: 1[2 3 4 5 6 7 8 9 10 11] 2[1 11 5 4 3] 3[1 2 4] 4[1 3 2 5] 5[1 4 2 11 10 12 8 6] 6[1 5 8 7] 7[1 6 8] 8[1 7 6 5 12 10 9] 9[1 8 10] 10[1 9 8 12 5 11] 11[1 10 5 2] 12[5 10 8]
318: 318: 1[2 3 4 5 6 7 8 9 10] 2[1 10 11 12 7 3] 3[1 2 7 4] 4[1 3 7 6 5] 5[1 4 6] 6[1 5 4 7] 7[1 6 4 3 2 12 10 8] 8[1 7 10 9] 9[1 8 10] 10[1 9 8 7 12 11 2] 11[2 10 12] 12[2 11 10 7]
322: 322: 1[2 3 4 5 6 7 8 9 10] 2[1 10 7 11 12 3] 3[1 2 12 11 7 4] 4[1 3 7 6 5] 5[1 4 6] 6[1 5 4 7] 7[1 6 4 3 11 2 10 8] 8[1 7 10 9] 9[1 8 10] 10[1 9 8 7 2] 11[2 7 3 12] 12[2 11 3]
325: 325: 1[2 3 4 5 6 7 8 9 10 11] 2[1 11 8 12 3] 3[1 2 12 8 5 4] 4[1 3 5] 5[1 4 3 8 7 6] 6[1 5 7] 7[1 6 5 8] 8[1 7 5 3 12 2 11 9] 9[1 8 11 10] 10[1 9 11] 11[1 10 9 8 2] 12[2 8 3]
326: 326: 1[2 3 4 5 6 7 8 9 10 11] 2[1 11 5 4 3] 3[1 2 4] 4[1 3 2 5] 5[1 4 2 11 12 9 8 6] 6[1 5 8 7] 7[1 6 8] 8[1 7 6 5 9] 9[1 8 5 12 11 10] 10[1 9 11] 11[1 10 9 12 5 2] 12[5 11 9]
345: 345: 1[2 3 4 5 6 7 8 9] 2[1 9 10 6 5 4 3] 3[1 2 4] 4[1 3 2 5] 5[1 4 2 6] 6[1 5 2 10 9 11 8 12 7] 7[1 6 12 8] 8[1 7 12 6 11 9] 9[1 8 11 6 10 2] 10[2 9 6] 11[6 9 8] 12[6 8 7]
350: 350: 1[2 3 4 5 6 7 8 9] 2[1 9 10 8 11 3] 3[1 2 11 8 4] 4[1 3 8 12 7 6 5] 5[1 4 6] 6[1 5 4 7] 7[1 6 4 12 8] 8[1 7 12 4 3 11 2 10 9] 9[1 8 10 2] 10[2 9 8] 11[2 8 3] 12[4 8 7]
446: 446: 1[2 3 4 5 6 7 8 9] 2[1 9 7 10 11 4 3] 3[1 2 4] 4[1 3 2 11 10 7 12 6 5] 5[1 4 6] 6[1 5 4 12 7] 7[1 6 12 4 10 2 9 8] 8[1 7 9] 9[1 8 7 2] 10[2 7 4 11] 11[2 10 4] 12[4 7 6]
448: 448: 1[2 3 4 5 6 7 8 9] 2[1 9 7 10 4 3] 3[1 2 4] 4[1 3 2 10 7 11 12 6 5] 5[1 4 6] 6[1 5 4 12 11 7] 7[1 6 11 4 10 2 9 8] 8[1 7 9] 9[1 8 7 2] 10[2 7 4] 11[4 7 6 12] 12[4 11 6]
449: 449: 1[2 3 4 5 6 7 8 9 10] 2[1 10 9 7 11 4 3] 3[1 2 4] 4[1 3 2 11 7 12 6 5] 5[1 4 6] 6[1 5 4 12 7] 7[1 6 12 4 11 2 9 8] 8[1 7 9] 9[1 8 7 2 10] 10[1 9 2] 11[2 7 4] 12[4 7 6]
453: 453: 1[2 3 4 5 6 7 8 9] 2[1 9 8 5 4 3] 3[1 2 4] 4[1 3 2 5] 5[1 4 2 8 10 7 11 6] 6[1 5 11 7] 7[1 6 11 5 10 12 8] 8[1 7 12 10 5 2 9] 9[1 8 2] 10[5 8 12 7] 11[5 7 6] 12[7 10 8]
454: 454: 1[2 3 4 5 6 7 8 9] 2[1 9 8 10 5 4 3] 3[1 2 4] 4[1 3 2 5] 5[1 4 2 10 8 11 7 12 6] 6[1 5 12 7] 7[1 6 12 5 11 8] 8[1 7 11 5 10 2 9] 9[1 8 2] 10[2 8 5] 11[5 8 7] 12[5 7 6]
456: 456: 1[2 3 4 5 6 7 8 9] 2[1 9 8 5 4 3] 3[1 2 4] 4[1 3 2 5] 5[1 4 2 8 10 7 11 6] 6[1 5 11 12 7] 7[1 6 12 11 5 10 8] 8[1 7 10 5 2 9] 9[1 8 2] 10[5 8 7] 11[5 7 12 6] 12[6 11 7]
480: 480: 1[2 3 4 5 6 7 8 9] 2[1 9 7 6 5 10 3] 3[1 2 10 5 11 4] 4[1 3 11 5] 5[1 4 11 3 10 2 6] 6[1 5 2 7] 7[1 6 2 9 12 8] 8[1 7 12 9] 9[1 8 12 7 2] 10[2 5 3] 11[3 5 4] 12[7 9 8]
481: 481: 1[2 3 4 5 6 7 8 9] 2[1 9 7 6 10 5 3] 3[1 2 5 11 4] 4[1 3 11 5] 5[1 4 11 3 2 10 6] 6[1 5 10 2 7] 7[1 6 2 9 12 8] 8[1 7 12 9] 9[1 8 12 7 2] 10[2 6 5] 11[3 5 4] 12[7 9 8]
610: 610: 1[2 3 4 5 6 7 8 9 10] 2[1 10 11 8 12 7 5 3] 3[1 2 5 4] 4[1 3 5] 5[1 4 3 2 7 6] 6[1 5 7] 7[1 6 5 2 12 8] 8[1 7 12 2 11 10 9] 9[1 8 10] 10[1 9 8 11 2] 11[2 10 8] 12[2 8 7]
643: 643: 1[2 3 4 5 6 7 8 9 10 11] 2[1 11 10 9 12 3] 3[1 2 12 9 5 4] 4[1 3 5] 5[1 4 3 9 7 6] 6[1 5 7] 7[1 6 5 9 8] 8[1 7 9] 9[1 8 7 5 3 12 2 10] 10[1 9 2 11] 11[1 10 2] 12[2 9 3]
647: 647: 1[2 3 4 5 6 7 8 9 10] 2[1 10 6 4 3] 3[1 2 4] 4[1 3 2 6 5] 5[1 4 6] 6[1 5 4 2 10 11 9 7] 7[1 6 9 8] 8[1 7 9] 9[1 8 7 6 11 12 10] 10[1 9 12 11 6 2] 11[6 10 12 9] 12[9 11 10]
648: 648: 1[2 3 4 5 6 7 8 9 10 11] 2[1 11 6 4 3] 3[1 2 4] 4[1 3 2 6 5] 5[1 4 6] 6[1 5 4 2 11 12 9 7] 7[1 6 9 8] 8[1 7 9] 9[1 8 7 6 12 11 10] 10[1 9 11] 11[1 10 9 12 6 2] 12[6 11 9]
651: 651: 1[2 3 4 5 6 7 8 9] 2[1 9 8 10 11 3] 3[1 2 11 8 7 6 12 4] 4[1 3 12 6 5] 5[1 4 6] 6[1 5 4 12 3 7] 7[1 6 3 8] 8[1 7 3 11 10 2 9] 9[1 8 2] 10[2 8 11] 11[2 10 8 3] 12[3 6 4]
652: 652: 1[2 3 4 5 6 7 8 9] 2[1 9 8 10 3] 3[1 2 10 8 11 7 6 12 4] 4[1 3 12 6 5] 5[1 4 6] 6[1 5 4 12 3 7] 7[1 6 3 11 8] 8[1 7 11 3 10 2 9] 9[1 8 2] 10[2 8 3] 11[3 8 7] 12[3 6 4]
654: 654: 1[2 3 4 5 6 7 8 9 10] 2[1 10 9 3] 3[1 2 9 11 7 6 12 4] 4[1 3 12 6 5] 5[1 4 6] 6[1 5 4 12 3 7] 7[1 6 3 11 9 8] 8[1 7 9] 9[1 8 7 11 3 2 10] 10[1 9 2] 11[3 9 7] 12[3 6 4]
655: 655: 1[2 3 4 5 6 7 8 9] 2[1 9 10 11 5 4 3] 3[1 2 4] 4[1 3 2 5] 5[1 4 2 11 9 8 12 6] 6[1 5 12 8 7] 7[1 6 8] 8[1 7 6 12 5 9] 9[1 8 5 11 10 2] 10[2 9 11] 11[2 10 9 5] 12[5 8 6]
657: 657: 1[2 3 4 5 6 7 8 9] 2[1 9 10 5 4 3] 3[1 2 4] 4[1 3 2 5] 5[1 4 2 10 9 11 8 12 6] 6[1 5 12 8 7] 7[1 6 8] 8[1 7 6 12 5 11 9] 9[1 8 11 5 10 2] 10[2 9 5] 11[5 9 8] 12[5 8 6]
658: 658: 1[2 3 4 5 6 7 8 9 10] 2[1 10 11 5 4 3] 3[1 2 4] 4[1 3 2 5] 5[1 4 2 11 10 8 12 6] 6[1 5 12 8 7] 7[1 6 8] 8[1 7 6 12 5 10 9] 9[1 8 10] 10[1 9 8 5 11 2] 11[2 10 5] 12[5 8 6]
659: 659: 1[2 3 4 5 6 7 8 9] 2[1 9 6 10 3] 3[1 2 10 6 5 4] 4[1 3 5] 5[1 4 3 6] 6[1 5 3 10 2 9 11 7] 7[1 6 11 12 9 8] 8[1 7 9] 9[1 8 7 12 11 6 2] 10[2 6 3] 11[6 9 12 7] 12[7 11 9]
664: 664: 1[2 3 4 5 6 7 8 9] 2[1 9 10 6 11 12 3] 3[1 2 12 11 6 5 4] 4[1 3 5] 5[1 4 3 6] 6[1 5 3 11 2 10 9 7] 7[1 6 9 8] 8[1 7 9] 9[1 8 7 6 10 2] 10[2 9 6] 11[2 6 3 12] 12[2 11 3]
665: 665: 1[2 3 4 5 6 7 8 9 10] 2[1 10 11 7 12 4 3] 3[1 2 4] 4[1 3 2 12 7 6 5] 5[1 4 6] 6[1 5 4 7] 7[1 6 4 12 2 11 10 8] 8[1 7 10 9] 9[1 8 10] 10[1 9 8 7 11 2] 11[2 10 7] 12[2 7 4]
668: 668: 1[2 3 4 5 6 7 8 9 10] 2[1 10 3] 3[1 2 10 4] 4[1 3 10 8 11 12 7 5] 5[1 4 7 6] 6[1 5 7] 7[1 6 5 4 12 8] 8[1 7 12 11 4 10 9] 9[1 8 10] 10[1 9 8 4 3 2] 11[4 8 12] 12[4 11 8 7]
672: 672: 1[2 3 4 5 6 7 8 9 10] 2[1 10 5 4 3] 3[1 2 4] 4[1 3 2 5] 5[1 4 2 10 11 12 8 6] 6[1 5 8 7] 7[1 6 8] 8[1 7 6 5 12 10 9] 9[1 8 10] 10[1 9 8 12 11 5 2] 11[5 10 12] 12[5 11 10 8]
673: 673: 1[2 3 4 5 6 7 8 9] 2[1 9 10 11 12 6 3] 3[1 2 6 5 4] 4[1 3 5] 5[1 4 3 6] 6[1 5 3 2 12 11 9 7] 7[1 6 9 8] 8[1 7 9] 9[1 8 7 6 11 10 2] 10[2 9 11] 11[2 10 9 6 12] 12[2 11 6]
674: 674: 1[2 3 4 5 6 7 8 9] 2[1 9 10 11 12 6 3] 3[1 2 6 5 4] 4[1 3 5] 5[1 4 3 6] 6[1 5 3 2 12 10 9 7] 7[1 6 9 8] 8[1 7 9] 9[1 8 7 6 10 2] 10[2 9 6 12 11] 11[2 10 12] 12[2 11 10 6]
678: 678: 1[2 3 4 5 6 7 8 9 10] 2[1 10 9 11 8 12 4 3] 3[1 2 4] 4[1 3 2 12 8 5] 5[1 4 8 7 6] 6[1 5 7] 7[1 6 5 8] 8[1 7 5 4 12 2 11 9] 9[1 8 11 2 10] 10[1 9 2] 11[2 9 8] 12[2 8 4]
892: 892: 1[2 3 4 5 6 7 8 9] 2[1 9 10 7 11 6 3] 3[1 2 6 5 12 4] 4[1 3 12 5] 5[1 4 12 3 6] 6[1 5 3 2 11 7] 7[1 6 11 2 10 9 8] 8[1 7 9] 9[1 8 7 10 2] 10[2 9 7] 11[2 7 6] 12[3 5 4]
893: 893: 1[2 3 4 5 6 7 8 9] 2[1 9 10 7 6 11 3] 3[1 2 11 6 5 12 4] 4[1 3 12 5] 5[1 4 12 3 6] 6[1 5 3 11 2 7] 7[1 6 2 10 9 8] 8[1 7 9] 9[1 8 7 10 2] 10[2 9 7] 11[2 6 3] 12[3 5 4]
894: 894: 1[2 3 4 5 6 7 8 9] 2[1 9 10 7 6 3] 3[1 2 6 11 5 12 4] 4[1 3 12 5] 5[1 4 12 3 11 6] 6[1 5 11 3 2 7] 7[1 6 2 10 9 8] 8[1 7 9] 9[1 8 7 10 2] 10[2 9 7] 11[3 6 5] 12[3 5 4]
899: 899: 1[2 3 4 5 6 7 8 9] 2[1 9 10 7 6 3] 3[1 2 6 5 11 4] 4[1 3 11 5] 5[1 4 11 3 6] 6[1 5 3 2 7] 7[1 6 2 10 9 12 8] 8[1 7 12 9] 9[1 8 12 7 10 2] 10[2 9 7] 11[3 5 4] 12[7 9 8]
900: 900: 1[2 3 4 5 6 7 8 9] 2[1 9 7 10 6 3] 3[1 2 6 5 11 4] 4[1 3 11 5] 5[1 4 11 3 6] 6[1 5 3 2 10 7] 7[1 6 10 2 9 12 8] 8[1 7 12 9] 9[1 8 12 7 2] 10[2 7 6] 11[3 5 4] 12[7 9 8]
916: 916: 1[2 3 4 5 6 7 8 9] 2[1 9 7 10 6 11 3] 3[1 2 11 6 5 12 4] 4[1 3 12 5] 5[1 4 12 3 6] 6[1 5 3 11 2 10 7] 7[1 6 10 2 9 8] 8[1 7 9] 9[1 8 7 2] 10[2 7 6] 11[2 6 3] 12[3 5 4]
918: 918: 1[2 3 4 5 6 7 8 9] 2[1 9 7 10 6 3] 3[1 2 6 11 5 12 4] 4[1 3 12 5] 5[1 4 12 3 11 6] 6[1 5 11 3 2 10 7] 7[1 6 10 2 9 8] 8[1 7 9] 9[1 8 7 2] 10[2 7 6] 11[3 6 5] 12[3 5 4]
1044: 1044: 1[2 3 4 5 6 7 8 9] 2[1 9 8 10 3] 3[1 2 10 8 11 7 4] 4[1 3 7 12 6 5] 5[1 4 6] 6[1 5 4 12 7] 7[1 6 12 4 3 11 8] 8[1 7 11 3 10 2 9] 9[1 8 2] 10[2 8 3] 11[3 8 7] 12[4 7 6]
1339: 1339: 1[2 3 4 5 6 7 8 9] 2[1 9 5 10 4 11 3] 3[1 2 11 4] 4[1 3 11 2 10 5] 5[1 4 10 2 9 12 6] 6[1 5 12 9 7] 7[1 6 9 8] 8[1 7 9] 9[1 8 7 6 12 5 2] 10[2 5 4] 11[2 4 3] 12[5 9 6]
1347: 1347: 1[2 3 4 5 6 7 8 9] 2[1 9 8 10 7 6 3] 3[1 2 6 11 5 12 4] 4[1 3 12 5] 5[1 4 12 3 11 6] 6[1 5 11 3 2 7] 7[1 6 2 10 8] 8[1 7 10 2 9] 9[1 8 2] 10[2 8 7] 11[3 6 5] 12[3 5 4]
1351: 1351: 1[2 3 4 5 6 7 8 9] 2[1 9 10 8 7 6 3] 3[1 2 6 11 5 12 4] 4[1 3 12 5] 5[1 4 12 3 11 6] 6[1 5 11 3 2 7] 7[1 6 2 8] 8[1 7 2 10 9] 9[1 8 10 2] 10[2 9 8] 11[3 6 5] 12[3 5 4]
1496: 1496: 1[2 3 4 5 6 7 8 9] 2[1 9 7 10 6 11 3] 3[1 2 11 6 12 4] 4[1 3 12 6 5] 5[1 4 6] 6[1 5 4 12 3 11 2 10 7] 7[1 6 10 2 9 8] 8[1 7 9] 9[1 8 7 2] 10[2 7 6] 11[2 6 3] 12[3 6 4]
1535: 1535: 1[2 3 4 5 6 7 8 9] 2[1 9 4 10 3] 3[1 2 10 4] 4[1 3 10 2 9 11 8 12 5] 5[1 4 12 8 7 6] 6[1 5 7] 7[1 6 5 8] 8[1 7 5 12 4 11 9] 9[1 8 11 4 2] 10[2 4 3] 11[4 9 8] 12[4 8 5]
1557: 1557: 1[2 3 4 5 6 7 8 9] 2[1 9 5 10 3] 3[1 2 10 5 11 4] 4[1 3 11 5] 5[1 4 11 3 10 2 9 12 6] 6[1 5 12 9 8 7] 7[1 6 8] 8[1 7 6 9] 9[1 8 6 12 5 2] 10[2 5 3] 11[3 5 4] 12[5 9 6]
1558: 1558: 1[2 3 4 5 6 7 8 9] 2[1 9 10 5 11 3] 3[1 2 11 5 12 4] 4[1 3 12 5] 5[1 4 12 3 11 2 10 9 6] 6[1 5 9 8 7] 7[1 6 8] 8[1 7 6 9] 9[1 8 6 5 10 2] 10[2 9 5] 11[2 5 3] 12[3 5 4]
1623: 1623: 1[2 3 4 5 6 7 8 9 10] 2[1 10 9 7 11 12 3] 3[1 2 12 11 7 5 4] 4[1 3 5] 5[1 4 3 7 6] 6[1 5 7] 7[1 6 5 3 11 2 9 8] 8[1 7 9] 9[1 8 7 2 10] 10[1 9 2] 11[2 7 3 12] 12[2 11 3]
1625: 1625: 1[2 3 4 5 6 7 8 9 10 11] 2[1 11 10 8 12 4 3] 3[1 2 4] 4[1 3 2 12 8 6 5] 5[1 4 6] 6[1 5 4 8 7] 7[1 6 8] 8[1 7 6 4 12 2 10 9] 9[1 8 10] 10[1 9 8 2 11] 11[1 10 2] 12[2 8 4]
1631: 1631: 1[2 3 4 5 6 7 8 9] 2[1 9 10 8 6 11 5 3] 3[1 2 5 4] 4[1 3 5] 5[1 4 3 2 11 12 6] 6[1 5 12 11 2 8 7] 7[1 6 8] 8[1 7 6 2 10 9] 9[1 8 10 2] 10[2 9 8] 11[2 6 12 5] 12[5 11 6]
1633: 1633: 1[2 3 4 5 6 7 8 9] 2[1 9 10 8 11 6 12 5 3] 3[1 2 5 4] 4[1 3 5] 5[1 4 3 2 12 6] 6[1 5 12 2 11 8 7] 7[1 6 8] 8[1 7 6 11 2 10 9] 9[1 8 10 2] 10[2 9 8] 11[2 8 6] 12[2 6 5]
1661: 1661: 1[2 3 4 5 6 7 8 9 10] 2[1 10 9 6 11 4 3] 3[1 2 4] 4[1 3 2 11 6 5] 5[1 4 6] 6[1 5 4 11 2 9 12 7] 7[1 6 12 9 8] 8[1 7 9] 9[1 8 7 12 6 2 10] 10[1 9 2] 11[2 6 4] 12[6 9 7]
1662: 1662: 1[2 3 4 5 6 7 8 9] 2[1 9 8 10 11 7 3] 3[1 2 7 12 5 4] 4[1 3 5] 5[1 4 3 12 7 6] 6[1 5 7] 7[1 6 5 12 3 2 11 8] 8[1 7 11 10 2 9] 9[1 8 2] 10[2 8 11] 11[2 10 8 7] 12[3 7 5]
1664: 1664: 1[2 3 4 5 6 7 8 9 10 11] 2[1 11 10 9 12 4 3] 3[1 2 4] 4[1 3 2 12 9 6 5] 5[1 4 6] 6[1 5 4 9 7] 7[1 6 9 8] 8[1 7 9] 9[1 8 7 6 4 12 2 10] 10[1 9 2 11] 11[1 10 2] 12[2 9 4]
1665: 1665: 1[2 3 4 5 6 7 8 9 10] 2[1 10 11 12 7 4 3] 3[1 2 4] 4[1 3 2 7 5] 5[1 4 7 6] 6[1 5 7] 7[1 6 5 4 2 12 10 8] 8[1 7 10 9] 9[1 8 10] 10[1 9 8 7 12 11 2] 11[2 10 12] 12[2 11 10 7]
1672: 1672: 1[2 3 4 5 6 7 8 9] 2[1 9 8 10 6 5 3] 3[1 2 5 11 4] 4[1 3 11 5] 5[1 4 11 3 2 6] 6[1 5 2 10 8 12 7] 7[1 6 12 8] 8[1 7 12 6 10 2 9] 9[1 8 2] 10[2 8 6] 11[3 5 4] 12[6 8 7]
1673: 1673: 1[2 3 4 5 6 7 8 9] 2[1 9 10 8 6 5 3] 3[1 2 5 11 4] 4[1 3 11 5] 5[1 4 11 3 2 6] 6[1 5 2 8 12 7] 7[1 6 12 8] 8[1 7 12 6 2 10 9] 9[1 8 10 2] 10[2 9 8] 11[3 5 4] 12[6 8 7]
1678: 1678: 1[2 3 4 5 6 7 8 9] 2[1 9 8 6 10 5 3] 3[1 2 5 11 4] 4[1 3 11 5] 5[1 4 11 3 2 10 6] 6[1 5 10 2 8 12 7] 7[1 6 12 8] 8[1 7 12 6 2 9] 9[1 8 2] 10[2 6 5] 11[3 5 4] 12[6 8 7]
1679: 1679: 1[2 3 4 5 6 7 8 9] 2[1 9 8 6 5 10 3] 3[1 2 10 5 11 4] 4[1 3 11 5] 5[1 4 11 3 10 2 6] 6[1 5 2 8 12 7] 7[1 6 12 8] 8[1 7 12 6 2 9] 9[1 8 2] 10[2 5 3] 11[3 5 4] 12[6 8 7]
1732: 1732: 1[2 3 4 5 6 7 8 9 10] 2[1 10 9 5 4 3] 3[1 2 4] 4[1 3 2 5] 5[1 4 2 9 11 12 7 6] 6[1 5 7] 7[1 6 5 12 11 9 8] 8[1 7 9] 9[1 8 7 11 5 2 10] 10[1 9 2] 11[5 9 7 12] 12[5 11 7]
1733: 1733: 1[2 3 4 5 6 7 8 9] 2[1 9 10 11 7 4 3] 3[1 2 4] 4[1 3 2 7 6 5] 5[1 4 6] 6[1 5 4 7] 7[1 6 4 2 11 12 9 8] 8[1 7 9] 9[1 8 7 12 11 10 2] 10[2 9 11] 11[2 10 9 12 7] 12[7 11 9]
1734: 1734: 1[2 3 4 5 6 7 8 9 10] 2[1 10 11 7 4 3] 3[1 2 4] 4[1 3 2 7 6 5] 5[1 4 6] 6[1 5 4 7] 7[1 6 4 2 11 12 10 8] 8[1 7 10 9] 9[1 8 10] 10[1 9 8 7 12 11 2] 11[2 10 12 7] 12[7 11 10]
1736: 1736: 1[2 3 4 5 6 7 8 9] 2[1 9 8 10 11 12 3] 3[1 2 12 8 5 4] 4[1 3 5] 5[1 4 3 8 7 6] 6[1 5 7] 7[1 6 5 8] 8[1 7 5 3 12 10 2 9] 9[1 8 2] 10[2 8 12 11] 11[2 10 12] 12[2 11 10 8 3]
1876: 1876: 1[2 3 4 5 6 7 8 9] 2[1 9 8 10 11 6 12 4 3] 3[1 2 4] 4[1 3 2 12 6 5] 5[1 4 6] 6[1 5 4 12 2 11 8 7] 7[1 6 8] 8[1 7 6 11 10 2 9] 9[1 8 2] 10[2 8 11] 11[2 10 8 6] 12[2 6 4]
1879: 1879: 1[2 3 4 5 6 7 8 9 10 11 12] 2[1 12 9 4 3] 3[1 2 4] 4[1 3 2 9 6 5] 5[1 4 6] 6[1 5 4 9 8 7] 7[1 6 8] 8[1 7 6 9] 9[1 8 6 4 2 12 11 10] 10[1 9 11] 11[1 10 9 12] 12[1 11 9 2]
1881: 1881: 1[2 3 4 5 6 7 8 9 10 11 12] 2[1 12 5 4 3] 3[1 2 4] 4[1 3 2 5] 5[1 4 2 12 10 9 7 6] 6[1 5 7] 7[1 6 5 9 8] 8[1 7 9] 9[1 8 7 5 10] 10[1 9 5 12 11] 11[1 10 12] 12[1 11 10 5 2]
1897: 1897: 1[2 3 4 5 6 7 8 9 10 11 12] 2[1 12 11 4 3] 3[1 2 4] 4[1 3 2 11 6 5] 5[1 4 6] 6[1 5 4 11 7] 7[1 6 11 8] 8[1 7 11 10 9] 9[1 8 10] 10[1 9 8 11] 11[1 10 8 7 6 4 2 12] 12[1 11 2]
1898: 1898: 1[2 3 4 5 6 7 8 9 10 11 12] 2[1 12 8 3] 3[1 2 8 5 4] 4[1 3 5] 5[1 4 3 8 7 6] 6[1 5 7] 7[1 6 5 8] 8[1 7 5 3 2 12 10 9] 9[1 8 10] 10[1 9 8 12 11] 11[1 10 12] 12[1 11 10 8 2]
1904: 1904: 1[2 3 4 5 6 7 8 9 10 11 12] 2[1 12 10 4 3] 3[1 2 4] 4[1 3 2 10 6 5] 5[1 4 6] 6[1 5 4 10 7] 7[1 6 10 9 8] 8[1 7 9] 9[1 8 7 10] 10[1 9 7 6 4 2 12 11] 11[1 10 12] 12[1 11 10 2]
1905: 1905: 1[2 3 4 5 6 7 8 9 10 11 12] 2[1 12 11 8 3] 3[1 2 8 5 4] 4[1 3 5] 5[1 4 3 8 7 6] 6[1 5 7] 7[1 6 5 8] 8[1 7 5 3 2 11 10 9] 9[1 8 10] 10[1 9 8 11] 11[1 10 8 2 12] 12[1 11 2]
1913: 1913: 1[2 3 4 5 6 7 8 9 10 11 12] 2[1 12 11 10 4 3] 3[1 2 4] 4[1 3 2 10 5] 5[1 4 10 6] 6[1 5 10 7] 7[1 6 10 9 8] 8[1 7 9] 9[1 8 7 10] 10[1 9 7 6 5 4 2 11] 11[1 10 2 12] 12[1 11 2]
1914: 1914: 1[2 3 4 5 6 7 8 9 10 11 12] 2[1 12 11 10 3] 3[1 2 10 5 4] 4[1 3 5] 5[1 4 3 10 6] 6[1 5 10 7] 7[1 6 10 9 8] 8[1 7 9] 9[1 8 7 10] 10[1 9 7 6 5 3 2 11] 11[1 10 2 12] 12[1 11 2]
2044: 2044: 1[2 3 4 5 6 7 8 9 10 11 12] 2[1 12 11 4 3] 3[1 2 4] 4[1 3 2 11 10 8 6 5] 5[1 4 6] 6[1 5 4 8 7] 7[1 6 8] 8[1 7 6 4 10 9] 9[1 8 10] 10[1 9 8 4 11] 11[1 10 4 2 12] 12[1 11 2]
2078: 2078: 1[2 3 4 5 6 7 8 9 10 11 12] 2[1 12 11 8 4 3] 3[1 2 4] 4[1 3 2 8 6 5] 5[1 4 6] 6[1 5 4 8 7] 7[1 6 8] 8[1 7 6 4 2 11 10 9] 9[1 8 10] 10[1 9 8 11] 11[1 10 8 2 12] 12[1 11 2]
2373: 2373: 1[2 3 4 5 6 7 8 9] 2[1 9 10 3] 3[1 2 10 9 11 4] 4[1 3 11 5] 5[1 4 11 6] 6[1 5 11 8 12 7] 7[1 6 12 8] 8[1 7 12 6 11 9] 9[1 8 11 3 10 2] 10[2 9 3] 11[3 9 8 6 5 4] 12[6 8 7]
2436: 2436: 1[2 3 4 5 6 7 8 9] 2[1 9 10 3] 3[1 2 10 9 11 4] 4[1 3 11 5] 5[1 4 11 7 12 6] 6[1 5 12 7] 7[1 6 12 5 11 8] 8[1 7 11 9] 9[1 8 11 3 10 2] 10[2 9 3] 11[3 9 8 7 5 4] 12[5 7 6]
2613: 2613: 1[2 3 4 5 6 7 8 9] 2[1 9 10 3] 3[1 2 10 4] 4[1 3 10 5] 5[1 4 10 9 11 8 12 7 6] 6[1 5 7] 7[1 6 5 12 8] 8[1 7 12 5 11 9] 9[1 8 11 5 10 2] 10[2 9 5 4 3] 11[5 9 8] 12[5 8 7]
2626: 2626: 1[2 3 4 5 6 7 8 9] 2[1 9 10 3] 3[1 2 10 4] 4[1 3 10 5] 5[1 4 10 9 8 11 7 12 6] 6[1 5 12 7] 7[1 6 12 5 11 8] 8[1 7 11 5 9] 9[1 8 5 10 2] 10[2 9 5 4 3] 11[5 8 7] 12[5 7 6]
2629: 2629: 1[2 3 4 5 6 7 8 9] 2[1 9 10 3] 3[1 2 10 4] 4[1 3 10 5] 5[1 4 10 9 11 8 7 12 6] 6[1 5 12 7] 7[1 6 12 5 8] 8[1 7 5 11 9] 9[1 8 11 5 10 2] 10[2 9 5 4 3] 11[5 9 8] 12[5 7 6]
2678: 2678: 1[2 3 4 5 6 7 8 9] 2[1 9 10 6 4 11 3] 3[1 2 11 4] 4[1 3 11 2 6 12 5] 5[1 4 12 6] 6[1 5 12 4 2 10 7] 7[1 6 10 8] 8[1 7 10 9] 9[1 8 10 2] 10[2 9 8 7 6] 11[2 4 3] 12[4 6 5]
2731: 2731: 1[2 3 4 5 6 7 8 9] 2[1 9 10 3] 3[1 2 10 4] 4[1 3 10 6 11 5] 5[1 4 11 6] 6[1 5 11 4 10 9 12 8 7] 7[1 6 8] 8[1 7 6 12 9] 9[1 8 12 6 10 2] 10[2 9 6 4 3] 11[4 6 5] 12[6 9 8]
2741: 2741: 1[2 3 4 5 6 7 8 9] 2[1 9 10 3] 3[1 2 10 4] 4[1 3 10 6 11 5] 5[1 4 11 6] 6[1 5 11 4 10 9 8 12 7] 7[1 6 12 8] 8[1 7 12 6 9] 9[1 8 6 10 2] 10[2 9 6 4 3] 11[4 6 5] 12[6 8 7]
2745: 2745: 1[2 3 4 5 6 7 8 9] 2[1 9 10 3] 3[1 2 10 4] 4[1 3 10 6 5] 5[1 4 6] 6[1 5 4 10 9 11 8 12 7] 7[1 6 12 8] 8[1 7 12 6 11 9] 9[1 8 11 6 10 2] 10[2 9 6 4 3] 11[6 9 8] 12[6 8 7]
2827: 2827: 1[2 3 4 5 6 7 8 9] 2[1 9 10 8 11 3] 3[1 2 11 4] 4[1 3 11 5] 5[1 4 11 8 7 12 6] 6[1 5 12 7] 7[1 6 12 5 8] 8[1 7 5 11 2 10 9] 9[1 8 10 2] 10[2 9 8] 11[2 8 5 4 3] 12[5 7 6]
3054: 3054: 1[2 3 4 5 6 7 8 9] 2[1 9 10 6 5 11 3] 3[1 2 11 5 12 4] 4[1 3 12 5] 5[1 4 12 3 11 2 6] 6[1 5 2 10 7] 7[1 6 10 8] 8[1 7 10 9] 9[1 8 10 2] 10[2 9 8 7 6] 11[2 5 3] 12[3 5 4]
3056: 3056: 1[2 3 4 5 6 7 8 9] 2[1 9 10 6 11 5 3] 3[1 2 5 12 4] 4[1 3 12 5] 5[1 4 12 3 2 11 6] 6[1 5 11 2 10 7] 7[1 6 10 8] 8[1 7 10 9] 9[1 8 10 2] 10[2 9 8 7 6] 11[2 6 5] 12[3 5 4]
3061: 3061: 1[2 3 4 5 6 7 8 9] 2[1 9 10 3] 3[1 2 10 9 11 4] 4[1 3 11 8 12 5] 5[1 4 12 6] 6[1 5 12 7] 7[1 6 12 8] 8[1 7 12 4 11 9] 9[1 8 11 3 10 2] 10[2 9 3] 11[3 9 8 4] 12[4 8 7 6 5]
3117: 3117: 1[2 3 4 5 6 7 8 9] 2[1 9 10 8 11 3] 3[1 2 11 4] 4[1 3 11 7 12 5] 5[1 4 12 6] 6[1 5 12 7] 7[1 6 12 4 11 8] 8[1 7 11 2 10 9] 9[1 8 10 2] 10[2 9 8] 11[2 8 7 4 3] 12[4 7 6 5]
3390: 3390: 1[2 3 4 5 6 7 8 9] 2[1 9 10 8 11 4 3] 3[1 2 4] 4[1 3 2 11 6 12 5] 5[1 4 12 6] 6[1 5 12 4 11 7] 7[1 6 11 8] 8[1 7 11 2 10 9] 9[1 8 10 2] 10[2 9 8] 11[2 8 7 6 4] 12[4 6 5]
3501: 3501: 1[2 3 4 5 6 7 8 9] 2[1 9 10 5 11 4 3] 3[1 2 4] 4[1 3 2 11 5] 5[1 4 11 2 10 6] 6[1 5 10 7] 7[1 6 10 9 12 8] 8[1 7 12 9] 9[1 8 12 7 10 2] 10[2 9 7 6 5] 11[2 5 4] 12[7 9 8]
3502: 3502: 1[2 3 4 5 6 7 8 9] 2[1 9 10 5 4 11 3] 3[1 2 11 4] 4[1 3 11 2 5] 5[1 4 2 10 6] 6[1 5 10 7] 7[1 6 10 9 12 8] 8[1 7 12 9] 9[1 8 12 7 10 2] 10[2 9 7 6 5] 11[2 4 3] 12[7 9 8]
3593: 3593: 1[2 3 4 5 6 7 8 9] 2[1 9 8 10 7 11 3] 3[1 2 11 4] 4[1 3 11 6 12 5] 5[1 4 12 6] 6[1 5 12 4 11 7] 7[1 6 11 2 10 8] 8[1 7 10 2 9] 9[1 8 2] 10[2 8 7] 11[2 7 6 4 3] 12[4 6 5]
3600: 3600: 1[2 3 4 5 6 7 8 9] 2[1 9 10 8 7 11 3] 3[1 2 11 4] 4[1 3 11 6 12 5] 5[1 4 12 6] 6[1 5 12 4 11 7] 7[1 6 11 2 8] 8[1 7 2 10 9] 9[1 8 10 2] 10[2 9 8] 11[2 7 6 4 3] 12[4 6 5]
3641: 3641: 1[2 3 4 5 6 7 8 9] 2[1 9 8 10 3] 3[1 2 10 5 11 4] 4[1 3 11 5] 5[1 4 11 3 10 6] 6[1 5 10 8 12 7] 7[1 6 12 8] 8[1 7 12 6 10 2 9] 9[1 8 2] 10[2 8 6 5 3] 11[3 5 4] 12[6 8 7]
4200: 4200: 1[2 3 4 5] 2[1 5 6 7 8 3] 3[1 2 8 9 4] 4[1 3 9 10 11 8 12 5] 5[1 4 12 8 7 6 2] 6[2 5 7] 7[2 6 5 8] 8[2 7 5 12 4 11 9 3] 9[3 8 11 10 4] 10[4 9 11] 11[4 10 9 8] 12[4 8 5]
4204: 4204: 1[2 3 4 5] 2[1 5 6 7 8 3] 3[1 2 8 7 4] 4[1 3 7 9 10 5] 5[1 4 10 9 11 12 7 6 2] 6[2 5 7] 7[2 6 5 12 9 4 3 8] 8[2 7 3] 9[4 7 12 11 5 10] 10[4 9 5] 11[5 9 12] 12[5 11 9 7]
4211: 4211: 1[2 3 4 5] 2[1 5 6 7 3] 3[1 2 7 8 4] 4[1 3 8 9 10 7 11 12 5] 5[1 4 12 11 7 6 2] 6[2 5 7] 7[2 6 5 11 4 10 8 3] 8[3 7 10 9 4] 9[4 8 10] 10[4 9 8 7] 11[4 7 5 12] 12[4 11 5]
4217: 4217: 1[2 3 4 5] 2[1 5 6 7 8 9 10 11 3] 3[1 2 11 10 9 4] 4[1 3 9 12 5] 5[1 4 12 9 6 2] 6[2 5 9 8 7] 7[2 6 8] 8[2 7 6 9] 9[2 8 6 5 12 4 3 10] 10[2 9 3 11] 11[2 10 3] 12[4 9 5]
4218: 4218: 1[2 3 4 5] 2[1 5 6 7 8 9 10 11 3] 3[1 2 11 10 9 4] 4[1 3 9 5] 5[1 4 9 12 6 2] 6[2 5 12 9 8 7] 7[2 6 8] 8[2 7 6 9] 9[2 8 6 12 5 4 3 10] 10[2 9 3 11] 11[2 10 3] 12[5 9 6]
4224: 4224: 1[2 3 4 5] 2[1 5 6 3] 3[1 2 6 7 4] 4[1 3 7 8 9 6 10 11 5] 5[1 4 11 10 12 6 2] 6[2 5 12 10 4 9 7 3] 7[3 6 9 8 4] 8[4 7 9] 9[4 8 7 6] 10[4 6 12 5 11] 11[4 10 5] 12[5 10 6]
4225: 4225: 1[2 3 4 5] 2[1 5 6 3] 3[1 2 6 7 4] 4[1 3 7 8 9 6 10 5] 5[1 4 10 11 12 6 2] 6[2 5 12 10 4 9 7 3] 7[3 6 9 8 4] 8[4 7 9] 9[4 8 7 6] 10[4 6 12 11 5] 11[5 10 12] 12[5 11 10 6]
4229: 4229: 1[2 3 4 5] 2[1 5 6 7 8 9 10 11 3] 3[1 2 11 12 10 4] 4[1 3 10 5] 5[1 4 10 7 6 2] 6[2 5 7] 7[2 6 5 10 9 8] 8[2 7 9] 9[2 8 7 10] 10[2 9 7 5 4 3 12 11] 11[2 10 12 3] 12[3 11 10]
4232: 4232: 1[2 3 4 5] 2[1 5 6 7 8 9 10 3] 3[1 2 10 11 9 4] 4[1 3 9 5] 5[1 4 9 12 6 2] 6[2 5 12 9 8 7] 7[2 6 8] 8[2 7 6 9] 9[2 8 6 12 5 4 3 11 10] 10[2 9 11 3] 11[3 10 9] 12[5 9 6]
4234: 4234: 1[2 3 4 5] 2[1 5 6 7 8 9 10 3] 3[1 2 10 11 9 4] 4[1 3 9 5] 5[1 4 9 6 2] 6[2 5 9 12 8 7] 7[2 6 8] 8[2 7 6 12 9] 9[2 8 12 6 5 4 3 11 10] 10[2 9 11 3] 11[3 10 9] 12[6 9 8]
4240: 4240: 1[2 3 4 5] 2[1 5 6 7 8 9 10 11 3] 3[1 2 11 10 4] 4[1 3 10 12 5] 5[1 4 12 10 7 6 2] 6[2 5 7] 7[2 6 5 10 9 8] 8[2 7 9] 9[2 8 7 10] 10[2 9 7 5 12 4 3 11] 11[2 10 3] 12[4 10 5]
4241: 4241: 1[2 3 4 5] 2[1 5 6 7 8 9 10 3] 3[1 2 10 9 4] 4[1 3 9 11 12 5] 5[1 4 12 11 9 6 2] 6[2 5 9 8 7] 7[2 6 8] 8[2 7 6 9] 9[2 8 6 5 11 4 3 10] 10[2 9 3] 11[4 9 5 12] 12[4 11 5]
4247: 4247: 1[2 3 4 5] 2[1 5 6 7 8 9 10 11 3] 3[1 2 11 10 4] 4[1 3 10 5] 5[1 4 10 12 7 6 2] 6[2 5 7] 7[2 6 5 12 10 9 8] 8[2 7 9] 9[2 8 7 10] 10[2 9 7 12 5 4 3 11] 11[2 10 3] 12[5 10 7]
4250: 4250: 1[2 3 4 5] 2[1 5 6 7 8 9 10 3] 3[1 2 10 9 4] 4[1 3 9 5] 5[1 4 9 11 12 6 2] 6[2 5 12 11 9 8 7] 7[2 6 8] 8[2 7 6 9] 9[2 8 6 11 5 4 3 10] 10[2 9 3] 11[5 9 6 12] 12[5 11 6]
4251: 4251: 1[2 3 4 5] 2[1 5 6 7 8 9 10 3] 3[1 2 10 9 4] 4[1 3 9 5] 5[1 4 9 6 2] 6[2 5 9 11 12 8 7] 7[2 6 8] 8[2 7 6 12 11 9] 9[2 8 11 6 5 4 3 10] 10[2 9 3] 11[6 9 8 12] 12[6 11 8]
4252: 4252: 1[2 3 4 5] 2[1 5 6 7 8 9 10 3] 3[1 2 10 9 4] 4[1 3 9 5] 5[1 4 9 11 6 2] 6[2 5 11 9 12 8 7] 7[2 6 8] 8[2 7 6 12 9] 9[2 8 12 6 11 5 4 3 10] 10[2 9 3] 11[5 9 6] 12[6 9 8]
4302: 4302: 1[2 3 4 5 6 7] 2[1 7 6 5 8 3] 3[1 2 8 4] 4[1 3 8 9 10 5] 5[1 4 10 11 12 8 2 6] 6[1 5 2 7] 7[1 6 2] 8[2 5 12 10 9 4 3] 9[4 8 10] 10[4 9 8 12 11 5] 11[5 10 12] 12[5 11 10 8]
4303: 4303: 1[2 3 4 5 6 7] 2[1 7 6 5 8 3] 3[1 2 8 4] 4[1 3 8 9 5] 5[1 4 9 10 11 8 2 6] 6[1 5 2 7] 7[1 6 2] 8[2 5 11 12 9 4 3] 9[4 8 12 11 10 5] 10[5 9 11] 11[5 10 9 12 8] 12[8 11 9]
4377: 4377: 1[2 3 4 5 6 7] 2[1 7 8 3] 3[1 2 8 9 4] 4[1 3 9 10 11 8 7 5] 5[1 4 7 6] 6[1 5 7] 7[1 6 5 4 8 2] 8[2 7 4 11 9 3] 9[3 8 11 12 10 4] 10[4 9 12 11] 11[4 10 12 9 8] 12[9 11 10]
4383: 4383: 1[2 3 4 5 6] 2[1 6 7 8 9 10 4 3] 3[1 2 4] 4[1 3 2 10 5] 5[1 4 10 6] 6[1 5 10 11 7 2] 7[2 6 11 10 9 12 8] 8[2 7 12 9] 9[2 8 12 7 10] 10[2 9 7 11 6 5 4] 11[6 10 7] 12[7 9 8]
4384: 4384: 1[2 3 4 5 6] 2[1 6 7 8 9 10 4 3] 3[1 2 4] 4[1 3 2 10 5] 5[1 4 10 6] 6[1 5 10 7 2] 7[2 6 10 11 9 12 8] 8[2 7 12 9] 9[2 8 12 7 11 10] 10[2 9 11 7 6 5 4] 11[7 10 9] 12[7 9 8]
4550: 4550: 1[2 3 4 5] 2[1 5 6 7 8 9 10 3] 3[1 2 10 4] 4[1 3 10 5] 5[1 4 10 6 2] 6[2 5 10 11 9 12 7] 7[2 6 12 8] 8[2 7 12 9] 9[2 8 12 6 11 10] 10[2 9 11 6 5 4 3] 11[6 10 9] 12[6 9 8 7]
4553: 4553: 1[2 3 4 5] 2[1 5 6 7 8 9 10 11 3] 3[1 2 11 4] 4[1 3 11 12 5] 5[1 4 12 11 7 6 2] 6[2 5 7] 7[2 6 5 11 9 8] 8[2 7 9] 9[2 8 7 11 10] 10[2 9 11] 11[2 10 9 7 5 12 4 3] 12[4 11 5]
4554: 4554: 1[2 3 4 5] 2[1 5 6 7 8 9 10 3] 3[1 2 10 4] 4[1 3 10 11 12 5] 5[1 4 12 11 10 6 2] 6[2 5 10 8 7] 7[2 6 8] 8[2 7 6 10 9] 9[2 8 10] 10[2 9 8 6 5 11 4 3] 11[4 10 5 12] 12[4 11 5]
4560: 4560: 1[2 3 4 5] 2[1 5 6 7 8 9 10 11 3] 3[1 2 11 4] 4[1 3 11 5] 5[1 4 11 12 7 6 2] 6[2 5 7] 7[2 6 5 12 11 9 8] 8[2 7 9] 9[2 8 7 11 10] 10[2 9 11] 11[2 10 9 7 12 5 4 3] 12[5 11 7]
4563: 4563: 1[2 3 4 5] 2[1 5 6 7 8 9 10 3] 3[1 2 10 4] 4[1 3 10 5] 5[1 4 10 11 12 6 2] 6[2 5 12 11 10 8 7] 7[2 6 8] 8[2 7 6 10 9] 9[2 8 10] 10[2 9 8 6 11 5 4 3] 11[5 10 6 12] 12[5 11 6]
4565: 4565: 1[2 3 4 5] 2[1 5 6 7 8 9 10 11 3] 3[1 2 11 4] 4[1 3 11 5] 5[1 4 11 7 6 2] 6[2 5 7] 7[2 6 5 11 12 9 8] 8[2 7 9] 9[2 8 7 12 11 10] 10[2 9 11] 11[2 10 9 12 7 5 4 3] 12[7 11 9]
4574: 4574: 1[2 3 4 5 6 7] 2[1 7 8 9 10 5 4 3] 3[1 2 4] 4[1 3 2 5] 5[1 4 2 10 11 12 8 6] 6[1 5 8 7] 7[1 6 8 2] 8[2 7 6 5 12 10 9] 9[2 8 10] 10[2 9 8 12 11 5] 11[5 10 12] 12[5 11 10 8]
4575: 4575: 1[2 3 4 5 6 7] 2[1 7 8 9 5 4 3] 3[1 2 4] 4[1 3 2 5] 5[1 4 2 9 10 11 8 6] 6[1 5 8 7] 7[1 6 8 2] 8[2 7 6 5 11 12 9] 9[2 8 12 11 10 5] 10[5 9 11] 11[5 10 9 12 8] 12[8 11 9]
4627: 4627: 1[2 3 4 5 6 7] 2[1 7 8 3] 3[1 2 8 9 6 5 4] 4[1 3 5] 5[1 4 3 6] 6[1 5 3 9 10 11 8 7] 7[1 6 8 2] 8[2 7 6 11 9 3] 9[3 8 11 12 10 6] 10[6 9 12 11] 11[6 10 12 9 8] 12[9 11 10]
4634: 4634: 1[2 3 4 5 6] 2[1 6 7 8 9 4 3] 3[1 2 4] 4[1 3 2 9 10 11 7 5] 5[1 4 7 6] 6[1 5 7 2] 7[2 6 5 4 11 9 8] 8[2 7 9] 9[2 8 7 11 12 10 4] 10[4 9 12 11] 11[4 10 12 9 7] 12[9 11 10]
4635: 4635: 1[2 3 4 5 6] 2[1 6 7 8 4 3] 3[1 2 4] 4[1 3 2 8 9 10 7 5] 5[1 4 7 6] 6[1 5 7 2] 7[2 6 5 4 10 11 8] 8[2 7 11 10 12 9 4] 9[4 8 12 10] 10[4 9 12 8 11 7] 11[7 10 8] 12[8 10 9]
4829: 4829: 1[2 3 4 5] 2[1 5 6 7 8 9 10 3] 3[1 2 10 4] 4[1 3 10 5] 5[1 4 10 11 6 2] 6[2 5 11 10 9 12 7] 7[2 6 12 9 8] 8[2 7 9] 9[2 8 7 12 6 10] 10[2 9 6 11 5 4 3] 11[5 10 6] 12[6 9 7]
4830: 4830: 1[2 3 4 5] 2[1 5 6 7 8 9 10 3] 3[1 2 10 4] 4[1 3 10 5] 5[1 4 10 6 2] 6[2 5 10 11 9 12 7] 7[2 6 12 9 8] 8[2 7 9] 9[2 8 7 12 6 11 10] 10[2 9 11 6 5 4 3] 11[6 10 9] 12[6 9 7]
4860: 4860: 1[2 3 4 5] 2[1 5 6 3] 3[1 2 6 7 8 4] 4[1 3 8 9 10 11 6 5] 5[1 4 6 2] 6[2 5 4 11 8 7 3] 7[3 6 8] 8[3 7 6 11 9 4] 9[4 8 11 12 10] 10[4 9 12 11] 11[4 10 12 9 8 6] 12[9 11 10]
4861: 4861: 1[2 3 4 5] 2[1 5 6 3] 3[1 2 6 7 4] 4[1 3 7 8 9 10 6 5] 5[1 4 6 2] 6[2 5 4 10 7 3] 7[3 6 10 11 8 4] 8[4 7 11 10 12 9] 9[4 8 12 10] 10[4 9 12 8 11 7 6] 11[7 10 8] 12[8 10 9]
4862: 4862: 1[2 3 4 5] 2[1 5 6 3] 3[1 2 6 7 4] 4[1 3 7 8 9 10 6 5] 5[1 4 6 2] 6[2 5 4 10 11 7 3] 7[3 6 11 10 8 4] 8[4 7 10 12 9] 9[4 8 12 10] 10[4 9 12 8 7 11 6] 11[6 10 7] 12[8 10 9]
4883: 4883: 1[2 3 4 5] 2[1 5 6 7 8 3] 3[1 2 8 9 4] 4[1 3 9 10 11 12 8 5] 5[1 4 8 7 6 2] 6[2 5 7] 7[2 6 5 8] 8[2 7 5 4 12 10 9 3] 9[3 8 10 4] 10[4 9 8 12 11] 11[4 10 12] 12[4 11 10 8]
4886: 4886: 1[2 3 4 5] 2[1 5 6 7 3] 3[1 2 7 6 4] 4[1 3 6 8 5] 5[1 4 8 9 10 11 12 6 2] 6[2 5 12 10 8 4 3 7] 7[2 6 3] 8[4 6 10 9 5] 9[5 8 10] 10[5 9 8 6 12 11] 11[5 10 12] 12[5 11 10 6]
4889: 4889: 1[2 3 4 5] 2[1 5 6 7 8 9 10 11 3] 3[1 2 11 12 4] 4[1 3 12 11 5] 5[1 4 11 7 6 2] 6[2 5 7] 7[2 6 5 11 8] 8[2 7 11 10 9] 9[2 8 10] 10[2 9 8 11] 11[2 10 8 7 5 4 12 3] 12[3 11 4]
4939: 4939: 1[2 3 4 5] 2[1 5 6 7 3] 3[1 2 7 6 8 4] 4[1 3 8 9 10 11 12 6 5] 5[1 4 6 2] 6[2 5 4 12 10 8 3 7] 7[2 6 3] 8[3 6 10 9 4] 9[4 8 10] 10[4 9 8 6 12 11] 11[4 10 12] 12[4 11 10 6]
4941: 4941: 1[2 3 4 5] 2[1 5 6 7 8 9 10 11 3] 3[1 2 11 4] 4[1 3 11 12 5] 5[1 4 12 11 7 6 2] 6[2 5 7] 7[2 6 5 11 8] 8[2 7 11 10 9] 9[2 8 10] 10[2 9 8 11] 11[2 10 8 7 5 12 4 3] 12[4 11 5]
4942: 4942: 1[2 3 4 5] 2[1 5 6 7 8 9 10 3] 3[1 2 10 4] 4[1 3 10 11 12 5] 5[1 4 12 11 10 6 2] 6[2 5 10 7] 7[2 6 10 9 8] 8[2 7 9] 9[2 8 7 10] 10[2 9 7 6 5 11 4 3] 11[4 10 5 12] 12[4 11 5]
4950: 4950: 1[2 3 4 5] 2[1 5 6 3] 3[1 2 6 7 8 9 4] 4[1 3 9 8 10 11 12 6 5] 5[1 4 6 2] 6[2 5 4 12 10 8 7 3] 7[3 6 8] 8[3 7 6 10 4 9] 9[3 8 4] 10[4 8 6 12 11] 11[4 10 12] 12[4 11 10 6]
4951: 4951: 1[2 3 4 5] 2[1 5 6 3] 3[1 2 6 7 8 4] 4[1 3 8 9 10 11 12 6 5] 5[1 4 6 2] 6[2 5 4 12 10 8 7 3] 7[3 6 8] 8[3 7 6 10 9 4] 9[4 8 10] 10[4 9 8 6 12 11] 11[4 10 12] 12[4 11 10 6]
4955: 4955: 1[2 3 4 5] 2[1 5 6 7 8 9 10 3] 3[1 2 10 4] 4[1 3 10 5] 5[1 4 10 11 6 2] 6[2 5 11 10 12 7] 7[2 6 12 10 9 8] 8[2 7 9] 9[2 8 7 10] 10[2 9 7 12 6 11 5 4 3] 11[5 10 6] 12[6 10 7]
4956: 4956: 1[2 3 4 5] 2[1 5 6 7 8 9 10 3] 3[1 2 10 4] 4[1 3 10 5] 5[1 4 10 11 12 6 2] 6[2 5 12 11 10 7] 7[2 6 10 9 8] 8[2 7 9] 9[2 8 7 10] 10[2 9 7 6 11 5 4 3] 11[5 10 6 12] 12[5 11 6]
4960: 4960: 1[2 3 4 5] 2[1 5 6 7 8 9 10 11 3] 3[1 2 11 4] 4[1 3 11 5] 5[1 4 11 7 6 2] 6[2 5 7] 7[2 6 5 11 12 8] 8[2 7 12 11 10 9] 9[2 8 10] 10[2 9 8 11] 11[2 10 8 12 7 5 4 3] 12[7 11 8]
4961: 4961: 1[2 3 4 5] 2[1 5 6 7 8 9 10 11 3] 3[1 2 11 4] 4[1 3 11 5] 5[1 4 11 6 2] 6[2 5 11 12 8 7] 7[2 6 8] 8[2 7 6 12 11 10 9] 9[2 8 10] 10[2 9 8 11] 11[2 10 8 12 6 5 4 3] 12[6 11 8]
4964: 4964: 1[2 3 4 5] 2[1 5 6 7 8 9 10 3] 3[1 2 10 4] 4[1 3 10 5] 5[1 4 10 6 2] 6[2 5 10 11 7] 7[2 6 11 10 12 9 8] 8[2 7 9] 9[2 8 7 12 10] 10[2 9 12 7 11 6 5 4 3] 11[6 10 7] 12[7 10 9]
4966: 4966: 1[2 3 4 5] 2[1 5 6 7 8 9 10 3] 3[1 2 10 4] 4[1 3 10 5] 5[1 4 10 6 2] 6[2 5 10 11 12 7] 7[2 6 12 11 10 9 8] 8[2 7 9] 9[2 8 7 10] 10[2 9 7 11 6 5 4 3] 11[6 10 7 12] 12[6 11 7]
4967: 4967: 1[2 3 4 5] 2[1 5 6 7 8 9 10 3] 3[1 2 10 4] 4[1 3 10 5] 5[1 4 10 6 2] 6[2 5 10 7] 7[2 6 10 11 12 9 8] 8[2 7 9] 9[2 8 7 12 11 10] 10[2 9 11 7 6 5 4 3] 11[7 10 9 12] 12[7 11 9]
4968: 4968: 1[2 3 4 5] 2[1 5 6 7 8 9 10 3] 3[1 2 10 4] 4[1 3 10 5] 5[1 4 10 11 6 2] 6[2 5 11 10 7] 7[2 6 10 12 9 8] 8[2 7 9] 9[2 8 7 12 10] 10[2 9 12 7 6 11 5 4 3] 11[5 10 6] 12[7 10 9]
4996: 4996: 1[2 3 4 5] 2[1 5 6 7 8 9 10 11 12 3] 3[1 2 12 4] 4[1 3 12 5] 5[1 4 12 7 6 2] 6[2 5 7] 7[2 6 5 12 8] 8[2 7 12 9] 9[2 8 12 11 10] 10[2 9 11] 11[2 10 9 12] 12[2 11 9 8 7 5 4 3]
4997: 4997: 1[2 3 4 5] 2[1 5 6 7 8 9 10 11 12 3] 3[1 2 12 4] 4[1 3 12 5] 5[1 4 12 6 2] 6[2 5 12 8 7] 7[2 6 8] 8[2 7 6 12 9] 9[2 8 12 11 10] 10[2 9 11] 11[2 10 9 12] 12[2 11 9 8 6 5 4 3]
4998: 4998: 1[2 3 4 5] 2[1 5 6 7 8 9 10 11 12 3] 3[1 2 12 4] 4[1 3 12 5] 5[1 4 12 6 2] 6[2 5 12 7] 7[2 6 12 9 8] 8[2 7 9] 9[2 8 7 12 11 10] 10[2 9 11] 11[2 10 9 12] 12[2 11 9 7 6 5 4 3]
5057: 5057: 1[2 3 4 5] 2[1 5 6 3] 3[1 2 6 4] 4[1 3 6 7 8 5] 5[1 4 8 7 9 10 11 12 6 2] 6[2 5 12 11 10 7 4 3] 7[4 6 10 9 5 8] 8[4 7 5] 9[5 7 10] 10[5 9 7 6 11] 11[5 10 6 12] 12[5 11 6]
5067: 5067: 1[2 3 4 5] 2[1 5 6 3] 3[1 2 6 4] 4[1 3 6 7 5] 5[1 4 7 8 9 10 11 12 6 2] 6[2 5 12 11 9 7 4 3] 7[4 6 9 8 5] 8[5 7 9] 9[5 8 7 6 11 10] 10[5 9 11] 11[5 10 9 6 12] 12[5 11 6]
5070: 5070: 1[2 3 4 5] 2[1 5 6 7 8 9 10 11 12 3] 3[1 2 12 4] 4[1 3 12 5] 5[1 4 12 7 6 2] 6[2 5 7] 7[2 6 5 12 8] 8[2 7 12 10 9] 9[2 8 10] 10[2 9 8 12 11] 11[2 10 12] 12[2 11 10 8 7 5 4 3]
5088: 5088: 1[2 3 4 5] 2[1 5 6 7 8 3] 3[1 2 8 7 9 10 11 6 4] 4[1 3 6 5] 5[1 4 6 2] 6[2 5 4 3 11 12 9 7] 7[2 6 9 3 8] 8[2 7 3] 9[3 7 6 12 10] 10[3 9 12 11] 11[3 10 12 6] 12[6 11 10 9]
5100: 5100: 1[2 3 4 5] 2[1 5 6 7 8 9 10 3] 3[1 2 10 11 9 4] 4[1 3 9 5] 5[1 4 9 12 6 2] 6[2 5 12 9 7] 7[2 6 9 8] 8[2 7 9] 9[2 8 7 6 12 5 4 3 11 10] 10[2 9 11 3] 11[3 10 9] 12[5 9 6]
5117: 5117: 1[2 3 4 5] 2[1 5 6 7 8 3] 3[1 2 8 4] 4[1 3 8 9 5] 5[1 4 9 10 11 8 6 2] 6[2 5 8 7] 7[2 6 8] 8[2 7 6 5 11 12 10 9 4 3] 9[4 8 10 5] 10[5 9 8 12 11] 11[5 10 12 8] 12[8 11 10]
5124: 5124: 1[2 3 4 5] 2[1 5 6 7 8 9 10 3] 3[1 2 10 9 4] 4[1 3 9 5] 5[1 4 9 11 6 2] 6[2 5 11 9 7] 7[2 6 9 12 8] 8[2 7 12 9] 9[2 8 12 7 6 11 5 4 3 10] 10[2 9 3] 11[5 9 6] 12[7 9 8]
5125: 5125: 1[2 3 4 5] 2[1 5 6 7 8 9 10 3] 3[1 2 10 9 4] 4[1 3 9 5] 5[1 4 9 6 2] 6[2 5 9 11 7] 7[2 6 11 9 12 8] 8[2 7 12 9] 9[2 8 12 7 11 6 5 4 3 10] 10[2 9 3] 11[6 9 7] 12[7 9 8]
5131: 5131: 1[2 3 4 5] 2[1 5 6 3] 3[1 2 6 7 4] 4[1 3 7 8 9 6 10 5] 5[1 4 10 11 6 2] 6[2 5 11 10 4 9 8 12 7 3] 7[3 6 12 8 4] 8[4 7 12 6 9] 9[4 8 6] 10[4 6 11 5] 11[5 10 6] 12[6 8 7]
5139: 5139: 1[2 3 4 5] 2[1 5 6 7 8 9 10 3] 3[1 2 10 9 4] 4[1 3 9 5] 5[1 4 9 11 6 2] 6[2 5 11 9 12 7] 7[2 6 12 9 8] 8[2 7 9] 9[2 8 7 12 6 11 5 4 3 10] 10[2 9 3] 11[5 9 6] 12[6 9 7]
5181: 5181: 1[2 3 4 5 6 7] 2[1 7 8 3] 3[1 2 8 9 4] 4[1 3 9 10 11 8 7 5] 5[1 4 7 6] 6[1 5 7] 7[1 6 5 4 8 2] 8[2 7 4 11 12 9 3] 9[3 8 12 10 4] 10[4 9 12 11] 11[4 10 12 8] 12[8 11 10 9]
5206: 5206: 1[2 3 4 5 6 7] 2[1 7 8 3] 3[1 2 8 9 6 5 4] 4[1 3 5] 5[1 4 3 6] 6[1 5 3 9 10 11 8 7] 7[1 6 8 2] 8[2 7 6 11 12 9 3] 9[3 8 12 10 6] 10[6 9 12 11] 11[6 10 12 8] 12[8 11 10 9]
5216: 5216: 1[2 3 4 5] 2[1 5 6 7 8 9 3] 3[1 2 9 7 10 11 6 4] 4[1 3 6 5] 5[1 4 6 2] 6[2 5 4 3 11 12 7] 7[2 6 12 10 3 9 8] 8[2 7 9] 9[2 8 7 3] 10[3 7 12 11] 11[3 10 12 6] 12[6 11 10 7]
5217: 5217: 1[2 3 4 5] 2[1 5 6 7 8 9 3] 3[1 2 9 8 10 11 6 4] 4[1 3 6 5] 5[1 4 6 2] 6[2 5 4 3 11 12 8 7] 7[2 6 8] 8[2 7 6 12 10 3 9] 9[2 8 3] 10[3 8 12 11] 11[3 10 12 6] 12[6 11 10 8]
5218: 5218: 1[2 3 4 5] 2[1 5 6 7 3] 3[1 2 7 8 9 10 11 6 4] 4[1 3 6 5] 5[1 4 6 2] 6[2 5 4 3 11 9 12 7] 7[2 6 12 8 3] 8[3 7 12 9] 9[3 8 12 6 11 10] 10[3 9 11] 11[3 10 9 6] 12[6 9 8 7]
5223: 5223: 1[2 3 4 5] 2[1 5 6 7 8 9 10 11 3] 3[1 2 11 4] 4[1 3 11 5] 5[1 4 11 7 6 2] 6[2 5 7] 7[2 6 5 11 12 8] 8[2 7 12 9] 9[2 8 12 11 10] 10[2 9 11] 11[2 10 9 12 7 5 4 3] 12[7 11 9 8]
5236: 5236: 1[2 3 4 5] 2[1 5 6 7 8 3] 3[1 2 8 4] 4[1 3 8 9 5] 5[1 4 9 10 8 11 6 2] 6[2 5 11 12 8 7] 7[2 6 8] 8[2 7 6 12 11 5 10 9 4 3] 9[4 8 10 5] 10[5 9 8] 11[5 8 12 6] 12[6 11 8]
5241: 5241: 1[2 3 4 5] 2[1 5 6 7 8 9 10 3] 3[1 2 10 8 4] 4[1 3 8 5] 5[1 4 8 11 6 2] 6[2 5 11 8 7] 7[2 6 8] 8[2 7 6 11 5 4 3 10 12 9] 9[2 8 12 10] 10[2 9 12 8 3] 11[5 8 6] 12[8 10 9]
5243: 5243: 1[2 3 4 5] 2[1 5 6 7 8 9 10 3] 3[1 2 10 8 4] 4[1 3 8 5] 5[1 4 8 6 2] 6[2 5 8 11 7] 7[2 6 11 8] 8[2 7 11 6 5 4 3 10 12 9] 9[2 8 12 10] 10[2 9 12 8 3] 11[6 8 7] 12[8 10 9]
5250: 5250: 1[2 3 4 5] 2[1 5 6 3] 3[1 2 6 7 8 4] 4[1 3 8 9 6 10 11 5] 5[1 4 11 12 6 2] 6[2 5 12 11 10 4 9 8 7 3] 7[3 6 8] 8[3 7 6 9 4] 9[4 8 6] 10[4 6 11] 11[4 10 6 12 5] 12[5 11 6]
5347: 5347: 1[2 3 4 5 6 7 8] 2[1 8 9 10 6 4 3] 3[1 2 4] 4[1 3 2 6 5] 5[1 4 6] 6[1 5 4 2 10 11 9 7] 7[1 6 9 8] 8[1 7 9 2] 9[2 8 7 6 11 12 10] 10[2 9 12 11 6] 11[6 10 12 9] 12[9 11 10]
5348: 5348: 1[2 3 4 5 6 7 8] 2[1 8 9 10 6 3] 3[1 2 6 5 4] 4[1 3 5] 5[1 4 3 6] 6[1 5 3 2 10 11 9 7] 7[1 6 9 8] 8[1 7 9 2] 9[2 8 7 6 11 12 10] 10[2 9 12 11 6] 11[6 10 12 9] 12[9 11 10]
5377: 5377: 1[2 3 4 5 6 7] 2[1 7 8 3] 3[1 2 8 9 4] 4[1 3 9 8 10 7 11 5] 5[1 4 11 7 6] 6[1 5 7] 7[1 6 5 11 4 10 12 8 2] 8[2 7 12 10 4 9 3] 9[3 8 4] 10[4 8 12 7] 11[4 7 5] 12[7 10 8]
5379: 5379: 1[2 3 4 5 6 7 8] 2[1 8 9 3] 3[1 2 9 10 11 7 5 4] 4[1 3 5] 5[1 4 3 7 6] 6[1 5 7] 7[1 6 5 3 11 12 9 8] 8[1 7 9 2] 9[2 8 7 12 11 10 3] 10[3 9 11] 11[3 10 9 12 7] 12[7 11 9]
5408: 5408: 1[2 3 4 5 6 7 8] 2[1 8 9 3] 3[1 2 9 4] 4[1 3 9 10 8 11 6 5] 5[1 4 6] 6[1 5 4 11 8 7] 7[1 6 8] 8[1 7 6 11 4 10 12 9 2] 9[2 8 12 10 4 3] 10[4 9 12 8] 11[4 8 6] 12[8 10 9]
5411: 5411: 1[2 3 4 5 6 7] 2[1 7 8 5 9 10 11 3] 3[1 2 11 4] 4[1 3 11 5] 5[1 4 11 12 9 2 8 7 6] 6[1 5 7] 7[1 6 5 8 2] 8[2 7 5] 9[2 5 12 11 10] 10[2 9 11] 11[2 10 9 12 5 4 3] 12[5 11 9]
5413: 5413: 1[2 3 4 5 6 7 8] 2[1 8 9 5 10 11 12 3] 3[1 2 12 4] 4[1 3 12 5] 5[1 4 12 10 2 9 8 6] 6[1 5 8 7] 7[1 6 8] 8[1 7 6 5 9 2] 9[2 8 5] 10[2 5 12 11] 11[2 10 12] 12[2 11 10 5 4 3]
5420: 5420: 1[2 3 4 5 6 7 8] 2[1 8 9 3] 3[1 2 9 5 4] 4[1 3 5] 5[1 4 3 9 10 8 11 6] 6[1 5 11 8 7] 7[1 6 8] 8[1 7 6 11 5 10 12 9 2] 9[2 8 12 10 5 3] 10[5 9 12 8] 11[5 8 6] 12[8 10 9]
5438: 5438: 1[2 3 4 5] 2[1 5 6 7 8 9 10 3] 3[1 2 10 4] 4[1 3 10 5] 5[1 4 10 11 12 7 6 2] 6[2 5 7] 7[2 6 5 12 11 10 8] 8[2 7 10 9] 9[2 8 10] 10[2 9 8 7 11 5 4 3] 11[5 10 7 12] 12[5 11 7]
5441: 5441: 1[2 3 4 5] 2[1 5 6 7 8 3] 3[1 2 8 9 10 4] 4[1 3 10 9 11 8 12 5] 5[1 4 12 8 7 6 2] 6[2 5 7] 7[2 6 5 8] 8[2 7 5 12 4 11 9 3] 9[3 8 11 4 10] 10[3 9 4] 11[4 9 8] 12[4 8 5]
5449: 5449: 1[2 3 4 5] 2[1 5 6 7 8 9 10 3] 3[1 2 10 9 4] 4[1 3 9 5] 5[1 4 9 11 12 7 6 2] 6[2 5 7] 7[2 6 5 12 11 9 8] 8[2 7 9] 9[2 8 7 11 5 4 3 10] 10[2 9 3] 11[5 9 7 12] 12[5 11 7]
5462: 5462: 1[2 3 4 5] 2[1 5 6 7 8 3] 3[1 2 8 4] 4[1 3 8 5] 5[1 4 8 9 10 11 6 2] 6[2 5 11 9 7] 7[2 6 9 8] 8[2 7 9 5 4 3] 9[5 8 7 6 11 12 10] 10[5 9 12 11] 11[5 10 12 9 6] 12[9 11 10]
5465: 5465: 1[2 3 4 5] 2[1 5 6 7 8 3] 3[1 2 8 4] 4[1 3 8 5] 5[1 4 8 9 10 11 6 2] 6[2 5 11 12 9 7] 7[2 6 9 8] 8[2 7 9 5 4 3] 9[5 8 7 6 12 11 10] 10[5 9 11] 11[5 10 9 12 6] 12[6 11 9]
5467: 5467: 1[2 3 4 5] 2[1 5 6 7 8 3] 3[1 2 8 4] 4[1 3 8 5] 5[1 4 8 9 10 11 6 2] 6[2 5 11 12 9 7] 7[2 6 9 8] 8[2 7 9 5 4 3] 9[5 8 7 6 12 10] 10[5 9 12 11] 11[5 10 12 6] 12[6 11 10 9]
5472: 5472: 1[2 3 4 5] 2[1 5 6 7 8 9 3] 3[1 2 9 4] 4[1 3 9 5] 5[1 4 9 10 11 7 6 2] 6[2 5 7] 7[2 6 5 11 12 10 8] 8[2 7 10 9] 9[2 8 10 5 4 3] 10[5 9 8 7 12 11] 11[5 10 12 7] 12[7 11 10]
5476: 5476: 1[2 3 4 5 6] 2[1 6 7 3] 3[1 2 7 4] 4[1 3 7 8 9 10 6 5] 5[1 4 6] 6[1 5 4 10 11 7 2] 7[2 6 11 8 4 3] 8[4 7 11 10 12 9] 9[4 8 12 10] 10[4 9 12 8 11 6] 11[6 10 8 7] 12[8 10 9]
5493: 5493: 1[2 3 4 5 6 7] 2[1 7 5 8 9 10 11 3] 3[1 2 11 12 8 4] 4[1 3 8 5] 5[1 4 8 2 7 6] 6[1 5 7] 7[1 6 5 2] 8[2 5 4 3 12 9] 9[2 8 12 11 10] 10[2 9 11] 11[2 10 9 12 3] 12[3 11 9 8]
5533: 5533: 1[2 3 4 5] 2[1 5 6 3] 3[1 2 6 7 8 9 10 4] 4[1 3 10 8 11 6 12 5] 5[1 4 12 6 2] 6[2 5 12 4 11 7 3] 7[3 6 11 8] 8[3 7 11 4 10 9] 9[3 8 10] 10[3 9 8 4] 11[4 8 7 6] 12[4 6 5]
5534: 5534: 1[2 3 4 5] 2[1 5 6 3] 3[1 2 6 7 8 9 10 4] 4[1 3 10 8 11 12 6 5] 5[1 4 6 2] 6[2 5 4 12 11 7 3] 7[3 6 11 8] 8[3 7 11 4 10 9] 9[3 8 10] 10[3 9 8 4] 11[4 8 7 6 12] 12[4 11 6]
5535: 5535: 1[2 3 4 5] 2[1 5 6 3] 3[1 2 6 7 8 9 10 4] 4[1 3 10 11 8 12 6 5] 5[1 4 6 2] 6[2 5 4 12 7 3] 7[3 6 12 8] 8[3 7 12 4 11 10 9] 9[3 8 10] 10[3 9 8 11 4] 11[4 10 8] 12[4 8 7 6]
5541: 5541: 1[2 3 4 5] 2[1 5 6 3] 3[1 2 6 7 8 9 10 4] 4[1 3 10 8 11 12 6 5] 5[1 4 6 2] 6[2 5 4 12 7 3] 7[3 6 12 8] 8[3 7 12 11 4 10 9] 9[3 8 10] 10[3 9 8 4] 11[4 8 12] 12[4 11 8 7 6]
5542: 5542: 1[2 3 4 5] 2[1 5 6 3] 3[1 2 6 7 8 9 10 4] 4[1 3 10 8 11 6 5] 5[1 4 6 2] 6[2 5 4 11 7 3] 7[3 6 11 8] 8[3 7 11 4 10 12 9] 9[3 8 12 10] 10[3 9 12 8 4] 11[4 8 7 6] 12[8 10 9]
5545: 5545: 1[2 3 4 5] 2[1 5 6 3] 3[1 2 6 7 8 9 10 11 4] 4[1 3 11 9 8 12 6 5] 5[1 4 6 2] 6[2 5 4 12 7 3] 7[3 6 12 8] 8[3 7 12 4 9] 9[3 8 4 11 10] 10[3 9 11] 11[3 10 9 4] 12[4 8 7 6]
5552: 5552: 1[2 3 4 5] 2[1 5 6 7 8 9 10 11 3] 3[1 2 11 10 8 12 6 4] 4[1 3 6 5] 5[1 4 6 2] 6[2 5 4 3 12 7] 7[2 6 12 8] 8[2 7 12 3 10 9] 9[2 8 10] 10[2 9 8 3 11] 11[2 10 3] 12[3 8 7 6]
5557: 5557: 1[2 3 4 5] 2[1 5 6 7 8 9 10 3] 3[1 2 10 4] 4[1 3 10 5] 5[1 4 10 11 8 12 6 2] 6[2 5 12 7] 7[2 6 12 8] 8[2 7 12 5 11 9] 9[2 8 11 10] 10[2 9 11 5 4 3] 11[5 10 9 8] 12[5 8 7 6]
5558: 5558: 1[2 3 4 5 6 7] 2[1 7 6 5 8 9 10 11 3] 3[1 2 11 4] 4[1 3 11 5] 5[1 4 11 12 9 8 2 6] 6[1 5 2 7] 7[1 6 2] 8[2 5 9] 9[2 8 5 12 10] 10[2 9 12 11] 11[2 10 12 5 4 3] 12[5 11 10 9]
5957: 5957: 1[2 3 4 5] 2[1 5 6 7 8 3] 3[1 2 8 7 9 10 6 4] 4[1 3 6 11 12 5] 5[1 4 12 11 6 2] 6[2 5 11 4 3 10 9 7] 7[2 6 9 3 8] 8[2 7 3] 9[3 7 6 10] 10[3 9 6] 11[4 6 5 12] 12[4 11 5]
5962: 5962: 1[2 3 4 5] 2[1 5 6 7 8 9 10 11 3] 3[1 2 11 12 4] 4[1 3 12 11 5] 5[1 4 11 7 6 2] 6[2 5 7] 7[2 6 5 11 9 8] 8[2 7 9] 9[2 8 7 11 10] 10[2 9 11] 11[2 10 9 7 5 4 12 3] 12[3 11 4]
5968: 5968: 1[2 3 4 5] 2[1 5 6 7 8 3] 3[1 2 8 9 4] 4[1 3 9 10 11 12 8 5] 5[1 4 8 7 6 2] 6[2 5 7] 7[2 6 5 8] 8[2 7 5 4 12 11 9 3] 9[3 8 11 10 4] 10[4 9 11] 11[4 10 9 8 12] 12[4 11 8]
5994: 5994: 1[2 3 4 5] 2[1 5 6 7 8 9 3] 3[1 2 9 8 10 11 7 4] 4[1 3 7 12 5] 5[1 4 12 7 6 2] 6[2 5 7] 7[2 6 5 12 4 3 11 8] 8[2 7 11 10 3 9] 9[2 8 3] 10[3 8 11] 11[3 10 8 7] 12[4 7 5]
5996: 5996: 1[2 3 4 5] 2[1 5 6 7 8 9 3] 3[1 2 9 10 11 8 4] 4[1 3 8 12 5] 5[1 4 12 8 7 6 2] 6[2 5 7] 7[2 6 5 8] 8[2 7 5 12 4 3 11 9] 9[2 8 11 10 3] 10[3 9 11] 11[3 10 9 8] 12[4 8 5]
5998: 5998: 1[2 3 4 5] 2[1 5 6 7 8 9 3] 3[1 2 9 8 10 4] 4[1 3 10 11 12 8 5] 5[1 4 8 7 6 2] 6[2 5 7] 7[2 6 5 8] 8[2 7 5 4 12 10 3 9] 9[2 8 3] 10[3 8 12 11 4] 11[4 10 12] 12[4 11 10 8]
5999: 5999: 1[2 3 4 5] 2[1 5 6 7 8 9 10 3] 3[1 2 10 9 11 8 4] 4[1 3 8 12 5] 5[1 4 12 8 7 6 2] 6[2 5 7] 7[2 6 5 8] 8[2 7 5 12 4 3 11 9] 9[2 8 11 3 10] 10[2 9 3] 11[3 9 8] 12[4 8 5]
6015: 6015: 1[2 3 4 5] 2[1 5 6 7 8 9 3] 3[1 2 9 10 11 4] 4[1 3 11 10 9 12 5] 5[1 4 12 9 7 6 2] 6[2 5 7] 7[2 6 5 9 8] 8[2 7 9] 9[2 8 7 5 12 4 10 3] 10[3 9 4 11] 11[3 10 4] 12[4 9 5]
6017: 6017: 1[2 3 4 5] 2[1 5 6 7 8 3] 3[1 2 8 9 10 4] 4[1 3 10 9 8 11 12 5] 5[1 4 12 11 8 6 2] 6[2 5 8 7] 7[2 6 8] 8[2 7 6 5 11 4 9 3] 9[3 8 4 10] 10[3 9 4] 11[4 8 5 12] 12[4 11 5]
6036: 6036: 1[2 3 4 5] 2[1 5 6 7 8 9 3] 3[1 2 9 10 4] 4[1 3 10 11 12 9 5] 5[1 4 9 7 6 2] 6[2 5 7] 7[2 6 5 9 8] 8[2 7 9] 9[2 8 7 5 4 12 10 3] 10[3 9 12 11 4] 11[4 10 12] 12[4 11 10 9]
6037: 6037: 1[2 3 4 5] 2[1 5 6 7 8 9 3] 3[1 2 9 10 4] 4[1 3 10 11 12 9 5] 5[1 4 9 6 2] 6[2 5 9 8 7] 7[2 6 8] 8[2 7 6 9] 9[2 8 6 5 4 12 10 3] 10[3 9 12 11 4] 11[4 10 12] 12[4 11 10 9]
6040: 6040: 1[2 3 4 5] 2[1 5 6 7 8 9 10 3] 3[1 2 10 11 4] 4[1 3 11 12 10 5] 5[1 4 10 7 6 2] 6[2 5 7] 7[2 6 5 10 9 8] 8[2 7 9] 9[2 8 7 10] 10[2 9 7 5 4 12 11 3] 11[3 10 12 4] 12[4 11 10]
6053: 6053: 1[2 3 4 5] 2[1 5 6 7 8 9 3] 3[1 2 9 10 11 4] 4[1 3 11 10 12 9 5] 5[1 4 9 7 6 2] 6[2 5 7] 7[2 6 5 9 8] 8[2 7 9] 9[2 8 7 5 4 12 10 3] 10[3 9 12 4 11] 11[3 10 4] 12[4 10 9]
6073: 6073: 1[2 3 4 5] 2[1 5 6 7 8 9 3] 3[1 2 9 10 4] 4[1 3 10 9 5] 5[1 4 9 11 12 7 6 2] 6[2 5 7] 7[2 6 5 12 11 9 8] 8[2 7 9] 9[2 8 7 11 5 4 10 3] 10[3 9 4] 11[5 9 7 12] 12[5 11 7]
6074: 6074: 1[2 3 4 5] 2[1 5 6 7 8 9 3] 3[1 2 9 10 4] 4[1 3 10 9 5] 5[1 4 9 11 12 6 2] 6[2 5 12 11 9 8 7] 7[2 6 8] 8[2 7 6 9] 9[2 8 6 11 5 4 10 3] 10[3 9 4] 11[5 9 6 12] 12[5 11 6]
6101: 6101: 1[2 3 4 5] 2[1 5 6 7 8 9 3] 3[1 2 9 8 10 6 4] 4[1 3 6 11 12 5] 5[1 4 12 11 6 2] 6[2 5 11 4 3 10 8 7] 7[2 6 8] 8[2 7 6 10 3 9] 9[2 8 3] 10[3 8 6] 11[4 6 5 12] 12[4 11 5]
6102: 6102: 1[2 3 4 5] 2[1 5 6 7 8 3] 3[1 2 8 9 10 6 4] 4[1 3 6 11 12 5] 5[1 4 12 11 6 2] 6[2 5 11 4 3 10 8 7] 7[2 6 8] 8[2 7 6 10 9 3] 9[3 8 10] 10[3 9 8 6] 11[4 6 5 12] 12[4 11 5]
6106: 6106: 1[2 3 4 5] 2[1 5 6 7 8 9 3] 3[1 2 9 10 11 12 4] 4[1 3 12 9 5] 5[1 4 9 7 6 2] 6[2 5 7] 7[2 6 5 9 8] 8[2 7 9] 9[2 8 7 5 4 12 10 3] 10[3 9 12 11] 11[3 10 12] 12[3 11 10 9 4]
6107: 6107: 1[2 3 4 5] 2[1 5 6 7 8 9 3] 3[1 2 9 10 11 12 4] 4[1 3 12 9 5] 5[1 4 9 6 2] 6[2 5 9 8 7] 7[2 6 8] 8[2 7 6 9] 9[2 8 6 5 4 12 10 3] 10[3 9 12 11] 11[3 10 12] 12[3 11 10 9 4]
6108: 6108: 1[2 3 4 5] 2[1 5 6 7 8 3] 3[1 2 8 9 10 11 12 4] 4[1 3 12 11 8 5] 5[1 4 8 6 2] 6[2 5 8 7] 7[2 6 8] 8[2 7 6 5 4 11 9 3] 9[3 8 11 10] 10[3 9 11] 11[3 10 9 8 4 12] 12[3 11 4]
6147: 6147: 1[2 3 4 5] 2[1 5 6 7 8 9 3] 3[1 2 9 10 11 12 4] 4[1 3 12 11 9 5] 5[1 4 9 7 6 2] 6[2 5 7] 7[2 6 5 9 8] 8[2 7 9] 9[2 8 7 5 4 11 10 3] 10[3 9 11] 11[3 10 9 4 12] 12[3 11 4]
6230: 6230: 1[2 3 4 5] 2[1 5 6 7 8 9 3] 3[1 2 9 8 7 10 4] 4[1 3 10 7 11 12 5] 5[1 4 12 11 7 6 2] 6[2 5 7] 7[2 6 5 11 4 10 3 8] 8[2 7 3 9] 9[2 8 3] 10[3 7 4] 11[4 7 5 12] 12[4 11 5]
